MangaSite: 2021-01-05 14:00:25.560953
NicoNico: 2021-01-05 14:00:24.919290
