MangaSite: 2020-12-03 00:20:32.271601
NicoNico: 2020-12-03 00:20:31.957444
