MangaSite: 2021-01-28 12:01:51.296463
NicoNico: 2021-01-28 12:01:50.870879
