MangaSite: 2021-01-14 02:33:41.768157
NicoNico: 2021-01-14 02:33:41.271442
