MangaSite: 2021-01-03 18:09:48.789932
NicoNico: 2021-01-03 18:09:48.624357
