MangaSite: 2020-12-16 13:12:08.251116
NicoNico: 2020-12-16 13:12:07.930149
