MangaSite: 2020-12-11 18:18:47.927409
NicoNico: 2020-12-11 18:18:47.769493
