MangaSite: 2021-01-15 00:19:35.004031
NicoNico: 2021-01-15 00:19:34.535024
