MangaSite: 2020-12-25 17:21:40.950912
NicoNico: 2020-12-25 17:21:40.801197
