MangaSite: 2021-01-30 11:01:59.824836
NicoNico: 2021-01-30 11:01:59.425546
