MangaSite: 2020-12-18 04:25:12.681788
NicoNico: 2020-12-18 04:25:12.591691
