MangaSite: 2020-12-25 00:14:20.474117
NicoNico: 2020-12-25 00:14:20.100386
