MangaSite: 2020-12-24 12:01:32.322166
NicoNico: 2020-12-24 12:01:31.884354
