MangaSite: 2021-01-01 00:03:11.616552
NicoNico: 2021-01-01 00:03:11.159522
