MangaSite: 2021-01-28 11:21:08.140045
NicoNico: 2021-01-28 11:21:07.929421
