MangaSite: 2020-12-22 00:25:33.220690
NicoNico: 2020-12-22 00:25:32.865467
