MangaSite: 2020-12-04 00:01:54.673084
NicoNico: 2020-12-04 00:01:54.271693
