MangaSite: 2020-12-19 00:02:12.708625
NicoNico: 2020-12-19 00:02:12.435649
