MangaSite: 2021-01-08 00:05:58.149171
NicoNico: 2021-01-08 00:05:57.598795
