MangaSite: 2021-01-26 00:32:01.553885
NicoNico: 2021-01-26 00:32:01.085165
