MangaSite: 2020-12-13 11:34:04.732451
NicoNico: 2020-12-13 11:34:04.606747
