MangaSite: 2020-12-09 12:19:10.420167
NicoNico: 2020-12-09 12:19:10.066606
