MangaSite: 2020-12-17 18:02:36.194022
NicoNico: 2020-12-17 18:02:36.047558
