MangaSite: 2020-12-13 12:00:45.556035
NicoNico: 2020-12-13 12:00:45.387578
