MangaSite: 2020-12-21 23:38:28.758159
NicoNico: 2020-12-21 23:38:28.634731
