MangaSite: 2021-01-06 12:24:38.711684
NicoNico: 2021-01-06 12:24:38.311873
