MangaSite: 2020-12-16 04:28:52.503562
NicoNico: 2020-12-16 04:28:52.092830
