MangaSite: 2021-01-01 18:47:27.844418
NicoNico: 2021-01-01 18:47:26.939859
