MangaSite: 2021-01-18 00:05:00.507933
NicoNico: 2021-01-18 00:05:00.069129
