MangaSite: 2021-01-09 18:44:31.917704
NicoNico: 2021-01-09 18:44:31.677854
