MangaSite: 2020-12-08 12:29:00.051583
NicoNico: 2020-12-08 12:28:59.587259
