MangaSite: 2020-11-29 00:02:16.879435
NicoNico: 2020-11-29 00:02:16.573703
