MangaSite: 2020-12-12 05:04:48.456696
NicoNico: 2020-12-12 05:04:48.135020
