MangaSite: 2020-11-28 00:01:38.561009
NicoNico: 2020-11-28 00:01:38.236138
