MangaSite: 2021-01-09 00:17:27.594452
NicoNico: 2021-01-09 00:17:27.083595
