MangaSite: 2021-01-26 12:39:41.844634
NicoNico: 2021-01-26 12:39:41.341044
