MangaSite: 2021-01-10 12:35:57.982977
NicoNico: 2021-01-10 12:35:57.691145
