MangaSite: 2021-01-31 13:13:33.758709
NicoNico: 2021-01-31 13:13:33.451593
