MangaSite: 2020-12-10 12:47:43.886756
NicoNico: 2020-12-10 12:47:43.329209
