MangaSite: 2020-12-07 12:08:43.246960
NicoNico: 2020-12-07 12:08:42.829159
