MangaSite: 2020-11-25 23:44:49.599920
NicoNico: 2020-11-25 23:44:49.513175
