MangaSite: 2021-01-30 23:34:57.406463
NicoNico: 2021-01-30 23:34:57.176317
