MangaSite: 2020-12-19 16:54:16.826344
NicoNico: 2020-12-19 16:54:16.679449
