MangaSite: 2020-12-15 07:17:03.904148
NicoNico: 2020-12-15 07:17:03.519927
