MangaSite: 2021-01-31 00:09:32.630735
NicoNico: 2021-01-31 00:09:32.294476
