MangaSite: 2020-12-14 11:18:01.056685
NicoNico: 2020-12-14 11:18:00.939196
