MangaSite: 2020-12-07 00:03:18.982904
NicoNico: 2020-12-07 00:03:18.674581
