MangaSite: 2020-12-24 21:49:33.044424
NicoNico: 2020-12-24 21:49:32.887813
