MangaSite: 2020-12-29 15:22:01.985473
NicoNico: 2020-12-29 15:22:01.574653
