MangaSite: 2021-01-10 12:34:12.631161
NicoNico: 2021-01-10 12:34:12.258538
