MangaSite: 2020-12-23 00:01:59.940306
NicoNico: 2020-12-23 00:01:59.542174
