MangaSite: 2020-12-24 00:15:33.179975
NicoNico: 2020-12-24 00:15:32.814139
