MangaSite: 2020-11-29 18:39:53.747771
NicoNico: 2020-11-29 18:39:53.612918
