MangaSite: 2021-01-27 12:00:28.317148
NicoNico: 2021-01-27 12:00:27.868708
