MangaSite: 2021-01-18 12:00:29.328889
NicoNico: 2021-01-18 12:00:28.836959
