MangaSite: 2021-01-20 00:09:42.988927
NicoNico: 2021-01-20 00:09:42.545486
