MangaSite: 2020-12-19 12:57:52.132707
NicoNico: 2020-12-19 12:57:51.966022
