MangaSite: 2021-01-28 00:03:17.910336
NicoNico: 2021-01-28 00:03:17.169554
