MangaSite: 2021-01-03 14:36:53.919088
NicoNico: 2021-01-03 14:36:53.722500
