MangaSite: 2020-12-06 12:01:37.294909
NicoNico: 2020-12-06 12:01:37.137679
