MangaSite: 2020-12-30 21:45:23.383511
NicoNico: 2020-12-30 21:45:23.225571
