MangaSite: 2020-11-25 23:26:39.161471
NicoNico: 2020-11-25 23:26:38.678267
