MangaSite: 2020-12-05 13:11:21.738945
NicoNico: 2020-12-05 13:11:21.550458
