MangaSite: 2020-12-01 23:43:03.478362
NicoNico: 2020-12-01 23:43:03.343043
