MangaSite: 2021-01-22 14:19:48.722449
NicoNico: 2021-01-22 14:19:48.545568
