MangaSite: 2021-01-21 00:26:38.940015
NicoNico: 2021-01-21 00:26:38.467081
