MangaSite: 2020-12-21 12:04:07.957706
NicoNico: 2020-12-21 12:04:07.560935
