MangaSite: 2020-12-15 19:03:33.400861
NicoNico: 2020-12-15 19:03:33.272632
