MangaSite: 2021-01-11 15:10:35.245282
NicoNico: 2021-01-11 15:10:34.785933
