MangaSite: 2021-01-23 01:06:37.593312
NicoNico: 2021-01-23 01:06:37.118806
