MangaSite: 2020-11-27 16:34:08.509381
NicoNico: 2020-11-27 16:34:08.358355
