MangaSite: 2020-12-26 00:03:55.939701
NicoNico: 2020-12-26 00:03:55.687668
