MangaSite: 2021-01-20 12:01:16.860564
NicoNico: 2021-01-20 12:01:16.209816
