MangaSite: 2020-12-27 00:03:30.136728
NicoNico: 2020-12-27 00:03:29.831602
