MangaSite: 2020-12-01 12:29:38.349575
NicoNico: 2020-12-01 12:29:37.938802
