MangaSite: 2021-01-02 14:00:03.396310
NicoNico: 2021-01-02 14:00:03.168700
