MangaSite: 2020-12-06 23:49:29.604632
NicoNico: 2020-12-06 23:49:29.454770
