MangaSite: 2021-01-21 12:08:04.965945
NicoNico: 2021-01-21 12:08:04.395623
