MangaSite: 2020-12-24 18:50:27.038016
NicoNico: 2020-12-24 18:50:26.882448
