MangaSite: 2020-12-27 13:41:42.407624
NicoNico: 2020-12-27 13:41:42.233345
