MangaSite: 2020-12-17 08:52:53.581671
NicoNico: 2020-12-17 08:52:53.154984
