MangaSite: 2021-01-29 12:28:58.166429
NicoNico: 2021-01-29 12:28:57.372402
