MangaSite: 2021-01-15 12:03:04.998337
NicoNico: 2021-01-15 12:03:04.036645
