MangaSite: 2021-01-25 00:09:47.527605
NicoNico: 2021-01-25 00:09:47.101146
