MangaSite: 2020-12-20 12:28:50.327896
NicoNico: 2020-12-20 12:28:50.024166
