MangaSite: 2020-12-23 17:31:02.012227
NicoNico: 2020-12-23 17:31:01.900514
