MangaSite: 2020-11-27 15:02:09.385081
NicoNico: 2020-11-27 15:02:08.783768
