MangaSite: 2021-01-08 19:51:38.992342
NicoNico: 2021-01-08 19:51:38.758341
