MangaSite: 2021-01-14 12:01:01.029692
NicoNico: 2021-01-14 12:01:00.514344
