MangaSite: 2021-01-16 00:07:56.860095
NicoNico: 2021-01-16 00:07:56.478041
