MangaSite: 2020-12-10 00:58:44.128816
NicoNico: 2020-12-10 00:58:43.802281
