MangaSite: 2020-12-31 14:07:28.867174
NicoNico: 2020-12-31 14:07:28.473702
