MangaSite: 2020-11-30 00:01:08.119873
NicoNico: 2020-11-30 00:01:07.789980
