MangaSite: 2020-11-28 13:17:23.999329
NicoNico: 2020-11-28 13:17:23.831340
