MangaSite: 2020-12-30 00:04:32.142604
NicoNico: 2020-12-30 00:04:31.776258
