MangaSite: 2020-12-23 12:18:02.126084
NicoNico: 2020-12-23 12:18:01.800883
