MangaSite: 2020-12-06 15:07:17.421775
NicoNico: 2020-12-06 15:07:17.293113
