MangaSite: 2021-01-24 06:21:19.096263
NicoNico: 2021-01-24 06:21:18.720182
