MangaSite: 2020-12-31 00:02:31.414570
NicoNico: 2020-12-31 00:02:31.101214
