MangaSite: 2021-01-12 00:01:20.958420
NicoNico: 2021-01-12 00:01:20.399360
