MangaSite: 2021-01-31 23:35:17.432180
NicoNico: 2021-01-31 23:35:17.219725
