MangaSite: 2021-01-25 12:06:55.208073
NicoNico: 2021-01-25 12:06:54.684561
