MangaSite: 2021-01-29 10:03:25.187917
NicoNico: 2021-01-29 10:03:24.981068
