MangaSite: 2020-12-23 23:10:22.027202
NicoNico: 2020-12-23 23:10:21.834324
