MangaSite: 2021-01-04 00:15:34.484356
NicoNico: 2021-01-04 00:15:33.986752
