MangaSite: 2020-12-07 09:37:46.547500
NicoNico: 2020-12-07 09:37:46.424294
