MangaSite: 2020-11-26 02:33:26.516294
NicoNico: 2020-11-26 02:33:26.323911
