MangaSite: 2020-12-28 00:12:37.651606
NicoNico: 2020-12-28 00:12:37.206251
