MangaSite: 2020-12-10 23:15:05.110717
NicoNico: 2020-12-10 23:15:04.920692
