MangaSite: 2021-01-05 00:08:22.245595
NicoNico: 2021-01-05 00:08:21.827730
