MangaSite: 2020-11-26 23:33:10.267403
NicoNico: 2020-11-26 23:33:09.749460
