MangaSite: 2021-01-13 18:59:46.054491
NicoNico: 2021-01-13 18:59:45.892082
