MangaSite: 2021-01-22 12:36:26.798004
NicoNico: 2021-01-22 00:15:01.478722
