MangaSite: 2021-01-06 00:11:58.658618
NicoNico: 2021-01-06 00:11:58.215692
