MangaSite: 2020-12-13 00:39:07.815911
NicoNico: 2020-12-13 00:39:07.421115
