MangaSite: 2020-12-14 03:14:11.688822
NicoNico: 2020-12-14 03:14:11.298756
