MangaSite: 2020-11-25 13:13:37.815402
NicoNico: 2020-11-25 13:13:37.722380
