MangaSite: 2020-12-26 18:05:46.451546
NicoNico: 2020-12-26 18:05:46.325855
