MangaSite: 2020-12-11 00:10:39.050230
NicoNico: 2020-12-11 00:10:38.696177
