MangaSite: 2021-01-03 00:40:23.216429
NicoNico: 2021-01-03 00:40:22.806339
