MangaSite: 2020-12-28 13:43:08.420356
NicoNico: 2020-12-28 13:43:07.951110
