MangaSite: 2021-01-02 20:07:10.094634
NicoNico: 2021-01-02 20:07:09.919938
