MangaSite: 2021-01-04 15:37:16.083533
NicoNico: 2021-01-04 15:37:15.614224
