MangaSite: 2021-01-14 21:38:03.629790
NicoNico: 2021-01-14 21:38:03.387185
