MangaSite: 2020-12-18 12:02:38.311150
NicoNico: 2020-12-18 12:02:37.554032
