MangaSite: 2021-01-22 17:16:06.542513
NicoNico: 2021-01-22 17:16:06.341097
