MangaSite: 2020-12-02 12:24:02.373997
NicoNico: 2020-12-02 12:24:02.059072
