MangaSite: 2020-12-22 17:28:44.260663
NicoNico: 2020-12-22 17:28:44.141936
