MangaSite: 2020-12-03 19:56:26.456249
NicoNico: 2020-12-03 19:56:26.311108
