MangaSite: 2021-01-02 00:24:21.657498
NicoNico: 2021-01-02 00:24:21.281197
