MangaSite: 2020-12-12 13:34:17.816776
NicoNico: 2020-12-12 13:34:17.634485
