MangaSite: 2020-12-18 22:18:45.638052
NicoNico: 2020-12-18 22:18:45.443817
