MangaSite: 2020-12-04 12:40:18.124837
NicoNico: 2020-12-04 12:40:17.420034
