MangaSite: 2020-12-09 16:08:23.998347
NicoNico: 2020-12-09 16:08:23.871910
