MangaSite: 2020-12-26 12:38:07.018556
NicoNico: 2020-12-26 12:38:06.838597
