MangaSite: 2021-01-15 20:00:22.677813
NicoNico: 2021-01-15 20:00:22.433919
