MangaSite: 2020-12-02 00:05:51.071726
NicoNico: 2020-12-02 00:05:50.762999
