MangaSite: 2020-12-25 12:07:55.454907
NicoNico: 2020-12-25 12:07:54.543325
