MangaSite: 2020-12-09 01:22:59.312353
NicoNico: 2020-12-09 01:22:58.984749
