MangaSite: 2021-01-07 00:15:23.980255
NicoNico: 2021-01-07 00:15:23.533972
