MangaSite: 2020-12-29 00:06:16.037477
NicoNico: 2020-12-29 00:06:15.620697
