MangaSite: 2020-12-25 20:58:00.060007
NicoNico: 2020-12-25 20:57:59.963525
