MangaSite: 2020-12-14 12:00:42.445868
NicoNico: 2020-12-14 12:00:42.002212
