MangaSite: 2020-12-30 12:19:54.757485
NicoNico: 2020-12-30 12:19:54.289020
