MangaSite: 2021-01-04 18:34:16.322508
NicoNico: 2021-01-04 18:34:16.157305
