MangaSite: 2021-01-27 07:58:58.731437
NicoNico: 2021-01-27 07:58:58.292786
