MangaSite: 2020-12-11 12:14:10.190835
NicoNico: 2020-12-11 12:14:09.468424
