MangaSite: 2020-12-17 12:05:31.601862
NicoNico: 2020-12-17 12:05:31.165014
