MangaSite: 2020-11-28 18:46:08.573460
NicoNico: 2020-11-28 18:46:08.476913
