MangaSite: 2020-12-08 09:10:34.988349
NicoNico: 2020-12-08 09:10:34.890502
