MangaSite: 2020-12-08 00:02:07.013714
NicoNico: 2020-12-08 00:02:06.633915
