MangaSite: 2020-12-09 02:48:10.149334
NicoNico: 2020-12-09 02:48:10.038480
