MangaSite: 2020-12-05 00:33:39.408055
NicoNico: 2020-12-05 00:33:39.144647
