MangaSite: 2020-12-08 22:27:39.522473
NicoNico: 2020-12-08 22:27:39.369443
