MangaSite: 2020-12-02 23:25:22.507004
NicoNico: 2020-12-02 23:25:22.305396
