MangaSite: 2021-01-29 00:03:15.743881
NicoNico: 2021-01-29 00:03:15.142180
