MangaSite: 2021-01-13 00:16:55.269951
NicoNico: 2021-01-13 00:16:54.830970
