MangaSite: 2021-01-26 19:41:34.063234
NicoNico: 2021-01-26 19:41:33.902077
