MangaSite: 2020-11-27 12:13:02.455789
NicoNico: 2020-11-27 12:13:01.777921
