MangaSite: 2021-01-10 00:11:01.903213
NicoNico: 2021-01-10 00:11:01.498044
