MangaSite: 2020-12-26 22:17:09.461243
NicoNico: 2020-12-26 22:17:09.276246
