MangaSite: 2020-11-27 00:07:00.229795
NicoNico: 2020-11-27 00:06:59.908076
