MangaSite: 2021-01-29 17:10:47.709894
NicoNico: 2021-01-29 17:10:47.516040
