MangaSite: 2020-12-05 19:17:57.185374
NicoNico: 2020-12-05 19:17:57.080480
