MangaSite: 2021-01-22 00:15:02.060826
NicoNico: 2021-01-22 00:15:01.478722
