MangaSite: 2020-12-21 18:59:48.802229
NicoNico: 2020-12-21 18:59:48.714788
