MangaSite: 2021-02-01 12:06:48.672561
NicoNico: 2021-02-01 12:06:48.143745
