MangaSite: 2020-12-18 00:59:11.025530
NicoNico: 2020-12-18 00:59:10.623712
