MangaSite: 2020-12-01 00:04:21.712630
NicoNico: 2020-12-01 00:04:21.365073
