MangaSite: 2021-02-01 00:03:44.957533
NicoNico: 2021-02-01 00:03:44.422767
