MangaSite: 2020-12-20 10:29:28.450554
NicoNico: 2020-12-20 10:29:28.107497
