MangaSite: 2020-12-09 23:07:21.190367
NicoNico: 2020-12-09 23:07:21.024666
