MangaSite: 2020-12-22 13:17:38.067349
NicoNico: 2020-12-22 13:17:37.576483
