MangaSite: 2021-01-13 14:04:26.649489
NicoNico: 2021-01-13 14:04:26.240930
