MangaSite: 2020-12-25 21:04:48.296935
NicoNico: 2020-12-25 21:04:48.158071
