MangaSite: 2021-01-08 12:03:33.914212
NicoNico: 2021-01-08 12:03:33.011874
