MangaSite: 2021-01-28 18:51:59.338392
NicoNico: 2021-01-28 18:51:59.116939
