MangaSite: 2020-12-31 19:30:48.890995
NicoNico: 2020-12-31 19:30:48.733107
