MangaSite: 2020-12-07 19:23:12.296004
NicoNico: 2020-12-07 19:23:12.197963
