MangaSite: 2020-12-01 02:39:43.517437
NicoNico: 2020-12-01 02:39:43.445035
