MangaSite: 2021-01-19 00:39:26.406011
NicoNico: 2021-01-19 00:39:25.941120
