MangaSite: 2020-11-30 12:36:15.200929
NicoNico: 2020-11-30 12:36:14.675036
