MangaSite: 2020-12-06 00:04:08.887123
NicoNico: 2020-12-06 00:04:08.587509
