MangaSite: 2021-01-16 18:28:57.127374
NicoNico: 2021-01-16 18:28:56.852649
