MangaSite: 2020-12-04 23:09:06.712005
NicoNico: 2020-12-04 23:09:06.500784
