MangaSite: 2021-01-11 02:30:00.911948
NicoNico: 2021-01-11 02:30:00.402643
