MangaSite: 2020-12-16 18:04:25.867399
NicoNico: 2020-12-16 18:04:25.759164
