MangaSite: 2020-11-25 13:15:14.826857
NicoNico: 2020-11-25 13:15:14.713714
