MangaSite: 2021-01-30 12:02:18.608703
NicoNico: 2021-01-30 12:02:18.276269
