MangaSite: 2020-11-26 13:45:30.183230
NicoNico: 2020-11-26 13:45:29.766638
