MangaSite: 2020-12-16 17:41:07.743623
NicoNico: 2020-12-16 17:41:07.624681
