MangaSite: 2020-12-23 18:31:50.340964
NicoNico: 2020-12-23 18:31:50.211606
