MangaSite: 2021-01-17 15:50:54.519545
NicoNico: 2021-01-17 15:50:54.077668
