MangaSite: 2021-01-07 15:43:11.589158
NicoNico: 2021-01-07 15:43:11.136254
