MangaSite: 2021-01-23 12:16:51.307275
NicoNico: 2021-01-23 12:16:51.067965
