MangaSite: 2020-11-26 18:09:26.752717
NicoNico: 2020-11-26 18:09:26.594309
