MangaSite: 2020-11-26 00:04:08.884225
NicoNico: 2020-11-26 00:04:08.571975
