MangaSite: 2020-12-03 13:30:22.730313
NicoNico: 2020-12-03 13:30:22.324124
