MangaSite: 2020-12-21 08:08:05.903243
NicoNico: 2020-12-21 08:08:05.489754
