MangaSite: 2021-01-12 12:38:02.685920
NicoNico: 2021-01-12 12:38:02.182278
