MangaSite: 2020-11-25 13:20:06.074283
NicoNico: 2020-11-25 13:20:05.593275
