MangaSite: 2020-12-13 18:27:00.381007
NicoNico: 2020-12-13 18:27:00.259207
