MangaSite: 2021-01-24 12:01:25.025407
NicoNico: 2021-01-24 12:01:24.794196
